[chandana1912]
loginAttempts = 0
lastFailedLoginTimestamp = 0.000000
lastSuccessLoginTimestamp = 1657704218.396005
firstFailedLoginTimestamp = 0.000000
