[assist/metadata]
version = 9.0.0
modtime = 1657704228.811682000

[assist/ui]
version = 9.0.0
modtime = 1657704230.133209000

[assist/updates]
version = 9.0.0
modtime = 1657704488.066843000

[assist/supervisor]
version = 9.0.0
modtime = 1657704488.073967000
